0 0.597578 0.826528 0.094062 0.139722
0 0.498086 0.628750 0.066484 0.102222
0 0.766172 0.642292 0.077344 0.085139
0 0.920117 0.651667 0.100234 0.102778
0 0.703906 0.503542 0.056875 0.056806
0 0.628633 0.510556 0.052266 0.047500
0 0.650898 0.573125 0.051328 0.038750
0 0.467344 0.438750 0.040313 0.050278
0 0.308672 0.521250 0.040000 0.057500
0 0.545000 0.502153 0.044688 0.050139
0 0.657891 0.699167 0.088594 0.113611
0 0.401016 0.677431 0.060937 0.114861
0 0.443555 0.502986 0.049453 0.066806
0 0.426211 0.434722 0.024453 0.028333
0 0.369375 0.587639 0.046719 0.076667
0 0.390781 0.585000 0.090313 0.082222
0 0.352500 0.413264 0.024688 0.037361
0 0.824805 0.925069 0.050703 0.122083
0 0.409336 0.582917 0.053516 0.068333
0 0.693438 0.502639 0.035781 0.050556
