0 0.409414 0.675208 0.059141 0.113750
0 0.284805 0.690972 0.060703 0.132778
0 0.340664 0.542917 0.051328 0.061944
0 0.850859 0.693958 0.089531 0.083194
0 0.521523 0.653750 0.071328 0.110278
0 0.267227 0.587014 0.047422 0.076528
0 0.700352 0.598958 0.066641 0.071250
0 0.715352 0.513681 0.055391 0.059861
0 0.456211 0.604028 0.051328 0.077222
0 0.774727 0.870417 0.118672 0.148333
0 0.576250 0.483125 0.050938 0.052917
0 0.877773 0.645625 0.082734 0.071250
0 0.246953 0.907222 0.098750 0.153611
0 0.366016 0.424792 0.040156 0.047361
0 0.313867 0.415069 0.029766 0.041528
