0 0.811172 0.676181 0.085000 0.082917
0 0.682734 0.721667 0.086250 0.128056
0 0.522500 0.693125 0.066562 0.116250
0 0.676914 0.580764 0.062266 0.066806
0 0.929141 0.608472 0.083594 0.075278
0 0.397578 0.657500 0.069687 0.137222
0 0.596523 0.529861 0.038672 0.048889
0 0.610234 0.474097 0.050312 0.051528
0 0.447266 0.573472 0.053750 0.065833
0 0.979414 0.580139 0.041172 0.071667
0 0.936523 0.692153 0.085703 0.076528
0 0.282734 0.782153 0.078438 0.169583
0 0.840391 0.959722 0.047188 0.068333
0 0.663125 0.476250 0.043750 0.030833
